ring 72 84 182 0.6169024813086382 0.2944247212114275 0.049964442729703795 0.4752322076691927 
square 239 102 247 0.6372233174789476 0.019593694239139592 0.4624758605861954 
circle 17 110 56 0.3272980388642598 0.144372532706177 0.5273482141438373 
rectangle 138 75 38 0.2913024268437284 0.007635832980530499 0.8030700961437842 0.17172671847664134 
square 23 26 255 0.7338402327263097 0.22598150333159694 0.8730533393452886 
square 157 93 198 0.08335240915025643 0.49990627378117836 0.7243448370759211 
square 234 38 241 0.08687908280013135 0.05664709711772353 0.12197893888453759 
rectangle 66 126 134 0.6784334275415448 0.9631041957503261 0.9054234477381071 0.610371344714701 
circle 178 229 24 0.16113482717244432 0.8658705469977553 0.5608773488136777 
circle 173 113 31 0.7006271224571267 0.45964177150712426 0.8362005611356956 
circle 167 107 255 0.5733790702223485 0.45218870533978883 0.815240465100159 
square 161 233 102 0.25954893872944274 0.31433251368128967 0.877279683839942 
ring 126 158 115 0.8489436479281989 0.49469214495094693 0.3619005163097707 0.9897308208476816 
square 31 83 193 0.5727874868551771 0.24976206445239502 0.996188517245975 
ring 192 64 23 0.4954736246240843 0.10818207620481901 0.448366022308036 0.6310685359962759 
square 57 36 188 0.973818068083476 0.43341484222955007 0.4810971978699359 
ring 10 221 12 0.3728102441424004 0.8459152101885138 0.3805214537373308 0.9804342663884864 
circle 253 199 176 0.5714776596150362 0.37405082691075053 0.5637092013688918 
ring 133 12 218 0.907326028234187 0.9422819527266733 0.6604350600713554 0.4053485717793368 
circle 15 119 218 0.2741210089586755 0.5133349517829237 0.3385550340344847 
circle 175 236 238 0.58686016002237 0.4509464531276399 0.9247798304217592 
ring 77 123 150 0.5956242881864174 0.003880749210696477 0.38359538534122883 0.8539942264729746 
rectangle 184 211 8 0.29522480077794644 0.88719182309093 0.632616950345344 0.004462272494703545 
ring 113 132 188 0.6178897637923767 0.8669540839628362 0.9809450660597364 0.5865373035156861 
circle 166 129 3 0.023283678700348087 0.8194133880006808 0.23847584226031038 
circle 228 41 254 0.3900284268904346 0.8966211171357955 0.022236421864567868 
circle 55 149 85 0.6160069538590747 0.14375032136161547 0.08737609413414027 
square 97 180 166 0.2087223380916038 0.9372301813798432 0.6174440888434594 
ring 77 85 248 0.47453116252804906 0.3663424349908876 0.40050510044074783 0.4871500714854847 
circle 21 114 183 0.6683092992639188 0.23273093548521306 0.7464483739469975 
square 239 205 206 0.5226531373131668 0.893391185603226 0.31649861959078485 
ring 66 50 78 0.5956381834608164 0.7916618520220451 0.6100122219271926 0.3825147666864398 
circle 197 148 122 0.6788205674895801 0.00948313187342209 0.8941555740310941 
square 183 142 127 0.4595123983614676 0.9521817605454462 0.8876183352678645 
square 173 183 30 0.17765175310957526 0.06029529830497049 0.5410922195736076 
rectangle 123 0 3 0.8222985593611378 0.4512353522249375 0.4723808913824098 0.19320762359291754 
ring 173 251 109 0.26107163243235976 0.3057396883032857 0.8428099683004764 0.8438144912400679 
ring 55 63 97 0.8863633541884235 0.008833180759308834 0.801900494994084 0.08151848974409914 
ring 127 109 121 0.01812812374763928 0.355693118622995 0.43963056983652604 0.24981523809861306 
square 31 147 80 0.8616629638296469 0.9612487016564952 0.7521435580292688 
rectangle 73 209 11 0.270924576400398 0.332801393068871 0.2241991809056766 0.08816789444449125 
rectangle 174 196 229 0.797772891451442 0.37099670006271657 0.9849380988773411 0.07374125066619985 
square 13 231 94 0.24667721034654655 0.06529512532372017 0.5037814088539703 
circle 8 144 29 0.8922026868255828 0.6800189011475161 0.2711542391724652 
square 130 114 201 0.12640481080394295 0.9931541588184833 0.6737688189229906 
circle 80 116 64 0.32429798374421226 0.7151539615286472 0.011051545278284336 
ring 69 189 80 0.04442147070150404 0.25654133288298775 0.7745806109996669 0.7200554829607514 
ring 32 77 56 0.9581000135238424 0.8980305884171591 0.7371068166476691 0.9337906158981097 
ring 235 112 109 0.9133159700460027 0.27942252840031234 0.3899734996091736 0.2142054146689173 
ring 91 71 240 0.9914092721766696 0.24376730424490278 0.5006570590369348 0.6012846889172957 
ring 134 252 9 0.7411575300392611 0.8454389501612914 0.16426583599691746 0.13707525511465224 
circle 93 235 1 0.48823281844928035 0.07832035635608803 0.08219563658330975 
rectangle 219 195 94 0.5247770017271699 0.5764850827961938 0.13984989706142126 0.8812459613196191 
ring 38 64 86 0.2209531368666311 0.6169201034990752 0.9201309580647666 0.6941723837378143 
circle 232 202 24 0.2318481782906795 0.4257891703275538 0.19301390762670123 
rectangle 169 94 47 0.6997341810779381 0.3352750894122497 0.2707273069720273 0.47439052541450566 
circle 228 67 212 0.8722728595650636 0.9776362281046435 0.997935354913679 
square 115 126 60 0.37210074284419237 0.1493735003939637 0.08772198432741951 
square 243 49 52 0.08691970977493946 0.35340895877805856 0.721064102333404 
rectangle 219 188 229 0.7576998112980737 0.23349434536166724 0.7231728341991325 0.8483375812561229 
rectangle 72 227 9 0.8025789758948493 0.7664409469017874 0.3332606829821112 0.3404433260455513 
rectangle 152 51 247 0.7909009106508768 0.7989686769001373 0.9300766557454412 0.580491092871593 
rectangle 253 65 235 0.32896981994708796 0.5442612710135138 0.8347228980865087 0.16695790524766574 
circle 207 149 2 0.15914189323433137 0.8730077727199387 0.10032535066665593 
ring 145 104 40 0.9658995238517992 0.3393016670638712 0.908909763006735 0.09537197415980969 
ring 250 191 9 0.04062238995148748 0.021315293725535978 0.8664437331137926 0.4158187780951841 
rectangle 137 243 137 0.5019434123496068 0.8010938841152501 0.6981524366160762 0.41078797729705885 
ring 28 16 98 0.7017977590839776 0.19284457419359824 0.6711263955703825 0.7186701615675929 
square 152 20 217 0.34435523203289076 0.08799815713029857 0.5749363450969239 
circle 121 138 145 0.36039778424089686 0.5630515759912498 0.7875616767143235 
square 197 109 124 0.6148578382586086 0.05031421355163135 0.4034428737628173 
rectangle 157 150 39 0.20972751261625255 0.8656931105304831 0.43677056107122314 0.05034380451817089 
square 134 150 229 0.9102165458711774 0.544398508309777 0.19150578650819505 
circle 203 234 50 0.3469037916820461 0.5339555837626001 0.5770391682574871 
square 46 218 158 0.338228162867372 0.7620028609479534 0.8706480987397122 
ring 163 162 149 0.9543935165057517 0.1253108686036991 0.9379165167457962 0.8775149913782547 
rectangle 188 81 59 0.652464315775606 0.49000711150846443 0.2883819375563118 0.075538131992819 
circle 113 1 215 0.17395890303728656 0.626927122575299 0.575353740354044 
circle 16 87 68 0.3791368029468267 0.562626421391614 0.18845022405786704 
circle 105 46 178 0.49891792122093137 0.50957192214079 0.19836917494077067 
square 1 253 100 0.08062803309635946 0.8759802151012727 0.3719384751847177 
ring 225 149 10 0.18432420214582113 0.13804139937269921 0.29200504895919965 0.09240057673513613 
square 197 46 100 0.8681592149432086 0.3692000928365009 0.6840942496817471 
circle 255 132 77 0.7386537520346127 0.6828769534902768 0.9145789165660004 
rectangle 72 164 67 0.22662145267915945 0.09373948030292434 0.10467494695195301 0.27072649280005157 
ring 130 205 171 0.702796502933107 0.6472522326459536 0.4476410166996786 0.08740644183691859 
circle 186 72 200 0.9385284255340206 0.5331239778764112 0.3900614291912725 
ring 151 203 249 0.5340717361926235 0.1546252454491962 0.2568842910718917 0.18046417601237175 
circle 100 127 192 0.01604423297113744 0.0819103299511389 0.5499876517566037 
ring 243 61 190 0.5865923935566368 0.4153218468634423 0.8586957286723849 0.31789003831312623 
rectangle 70 115 152 0.36096395707603257 0.12603182134120516 0.2886642066111481 0.796163074982383 
square 243 181 224 0.09347757956224312 0.17264410358263915 0.6392116972974479 
rectangle 115 82 227 0.7117686649384857 0.2624429983804508 0.7703276882146199 0.3135187888995743 
circle 251 4 16 0.23541548219437047 0.12144498228594891 0.7186134868933345 
circle 145 171 80 0.8824816624908066 0.7904120618491819 0.37346281492560207 
rectangle 135 84 20 0.7025650347275032 0.752978243299648 0.05909106365608596 0.19889209258630813 
square 242 235 210 0.5155383552515741 0.9656869797224746 0.331692782488485 
rectangle 36 219 38 0.17954515574926122 0.4773216138389328 0.32489569445289 0.6865486098827203 
square 201 147 26 0.6454031181549144 0.2074151484810126 0.9739338982465272 
ring 223 132 62 0.8121097612920111 0.6327775212230858 0.5723856362341961 0.6706141264238317 
rectangle 39 112 44 0.4269204586828338 0.10665895684360671 0.35820081752143196 0.8187145516725123 
rectangle 34 216 227 0.5411846769861336 0.7425672201568315 0.5630556089500944 0.5782701981367104 
circle 41 150 89 0.07567784398550459 0.5351249811030117 0.053331142653188834 
ring 32 210 18 0.7113542411790269 0.9995641574816289 0.8615352651699668 0.2562854127125681 
ring 40 98 126 0.6872608929524379 0.10128426281528469 0.8759215401869327 0.8206318699347646 
rectangle 233 108 152 0.19542445053624113 0.45380784660483375 0.3547715848239985 0.18707534743982257 
square 242 113 9 0.8497159370082877 0.5923020574925275 0.5991574212749987 
ring 29 75 105 0.01329460253830883 0.39916541157028085 0.5885148196655565 0.051180961399759584 
circle 2 175 197 0.7362069540743612 0.48592791081118103 0.7429652157031326 
circle 207 226 68 0.7958466438723552 0.7284026499514029 0.3055247557484677 
square 103 71 24 0.296974063648213 0.576628180676439 0.5240784464871792 
ring 182 73 0 0.5244971598139112 0.935448470216712 0.019905029802698704 0.23122807892206587 
rectangle 187 94 233 0.8310946773798229 0.5652508232202019 0.7509617428264769 0.7637602690251137 
ring 210 27 10 0.023197673280777376 0.955648745510142 0.36169638878762833 0.052360435025261776 
ring 110 184 202 0.43930100911154224 0.7406984311352445 0.5809634065729812 0.1279135841134592 
square 97 120 139 0.5407306918970401 0.10043444695959391 0.9676480867279331 
square 131 78 178 0.24486088565474184 0.2594115057793215 0.7120876500178244 
ring 247 240 100 0.41251385127373696 0.016776657641906167 0.9911307482082388 0.16712055352834154 
ring 173 91 180 0.22901246647054685 0.7389269011729724 0.5545970243613736 0.9506753154296739 
square 159 123 234 0.879202003897149 0.5679293689390785 0.21230772877713833 
rectangle 145 227 253 0.7599214483148475 0.5572870511801301 0.6868804069752166 0.12489298843045682 
rectangle 47 2 59 0.4677867119233793 0.0997230507957958 0.545243610067764 0.13326672509855386 
square 94 180 66 0.5025737519252247 0.4379865914204356 0.04831829106000973 
square 254 105 43 0.7928285282484843 0.7904837951034016 0.23715098315518712 
ring 119 76 236 0.8716209526320373 0.20189278014474377 0.9806171600591482 0.7341962374920027 
circle 178 214 128 0.2737120659350275 0.05548817536849693 0.9649907493461302 
rectangle 55 238 250 0.21487194252200703 0.9964122982667115 0.05878188438890908 0.7968137882387007 
ring 251 111 49 0.12763000612101072 0.2574943178398744 0.949857082795704 0.853949269868267 
square 102 171 5 0.24307629774557438 0.2105787419855466 0.7288914986690258 
square 120 34 116 0.0509910526133156 0.29231019548561055 0.4058825227468553 
circle 125 144 57 0.6913951508117666 0.12782023430976264 0.27250169971427707 
ring 54 29 42 0.0358775927172329 0.9351385482855932 0.4553503871706195 0.11581388608822463 
ring 192 56 3 0.5418225261166257 0.144427287164426 0.13609261781111415 0.0919755630813639 
square 167 215 164 0.278044695077452 0.14953432160668612 0.8525969482522692 
rectangle 26 165 203 0.7254150276596221 0.04409546236595707 0.1784542484168724 8.916108373450138E-4 
rectangle 214 207 2 0.7092006428513682 0.017038692690411472 0.6421159678938116 0.46347829470070334 
rectangle 117 64 77 0.8857631581781324 0.3237615501907237 0.22742210527814888 0.4599024047191065 
circle 129 70 85 0.08832405506828567 0.39625711778347894 0.07924122469506656 
ring 98 110 254 0.30141733261921566 0.23909647878427198 0.9054837114299473 0.8572583099855191 
ring 242 144 184 0.09902949248095805 0.03589641364082219 0.7300988518437299 0.20342529866500725 
rectangle 189 190 27 0.5159603833477742 0.7791988649563207 0.43100400323471644 0.16334033043543816 
rectangle 31 5 56 0.802742460662141 0.4800072252907651 0.8104731837621008 0.4922943102777748 
rectangle 105 156 97 0.97357815186581 0.5278983720659715 0.5593095902790308 0.5253988169616007 
square 226 1 141 0.6823526614398743 0.27504250114076834 0.6949877488826195 
rectangle 13 8 178 0.33410793977556774 0.392667167765162 0.6529402976827886 0.41047408926584295 
rectangle 23 207 37 0.542240580386555 0.9685970228315367 0.9905194559789191 0.26413841996462073 
ring 81 115 51 0.38470970648125735 0.8038965656908796 0.2609059731068275 0.007001455195174366 
ring 225 204 79 0.6946930374054554 0.8077997828641811 0.1248300792581486 0.16001953276549297 
square 133 135 235 0.04863496716871041 0.7771634456675465 0.04581122232543655 
square 246 36 99 0.3403911798013296 0.17951693664093227 0.19359942287990495 
circle 9 131 185 0.9267574391618807 0.6927695595406516 0.9809613652763284 
rectangle 127 62 27 0.6793887630875568 0.07595179049318035 0.6345177812817095 0.006677656406822385 
ring 100 155 107 0.12564981329363323 0.37132296958851785 0.5383107905621956 0.17190152376780055 
circle 188 214 199 0.30947088487858687 0.8149295880973536 0.34067212282349746 
square 186 45 46 0.4941258829526891 0.5141448956675084 0.45110685502920056 
rectangle 193 181 44 0.2781102273483643 0.6565917803026384 0.3319038037418457 0.22578182630869958 
rectangle 108 164 55 0.3202491248754139 0.7732899245764204 0.408576813483822 0.7912968040309128 
ring 24 78 39 0.3630418531398393 0.935005106436858 0.7128233214588199 0.272543164013471 
rectangle 155 223 70 0.9950670684061474 0.8876546444818463 0.9812854296581867 0.3263278533426567 
ring 30 237 140 0.40832007197140274 0.08693148069921797 0.14907287528387525 0.08140686447545054 
square 160 76 4 0.2345941308866788 0.16409632809138275 0.21103059268883229 
ring 24 74 126 0.8086710700018367 0.8448538406554434 0.7349081071981078 0.7656232223193212 
rectangle 186 123 247 0.23274236030972673 0.7708377511558248 0.9174171237256911 0.3967631696187126 
ring 109 180 83 0.9730381011185437 0.710666125605723 0.692980220702238 0.4606408295179788 
circle 161 165 50 0.1683136190493596 0.5453072649380142 0.17358684937549973 
circle 118 134 188 0.9331318620244621 0.8324004497570217 0.47212588170732994 
rectangle 128 163 157 0.8073192707826455 0.3999488903242988 0.44852354177508336 0.7915357502074741 
rectangle 2 209 3 0.9973790425407042 0.4798623229688739 0.5956711722052765 0.8335115346708815 
square 23 184 172 0.13453153188042566 0.008101284457641023 0.7369291481287288 
ring 49 168 101 0.03189940731321672 0.3322928839629796 0.10200930302126077 0.17116927137456428 
rectangle 143 205 42 0.46388422800229967 0.23675780751348285 0.3804790585490635 0.3675802431192312 
rectangle 187 61 223 0.07902894185824749 0.23790639777126832 0.21550188417831806 0.8549400885256107 
circle 244 91 183 0.6589759920881034 0.6523191155836844 0.5056466752580147 
ring 98 5 57 0.4366158587401401 0.6255435661106864 0.14119106044629437 0.7409342087462248 
rectangle 40 40 160 0.3941612311957461 0.42294556675988215 0.08629605397608109 0.7221287175827688 
rectangle 67 4 150 0.08348276016773792 0.19558628857691518 0.1413814886631234 0.022310020827645993 
ring 82 236 115 0.5026046324648012 0.7361878029456181 0.18882370370110224 0.18647700368370468 
ring 213 69 209 0.5243487959721599 0.5015672330131653 0.052059124592303 0.29199557510020524 
rectangle 237 91 23 0.3783548005815244 0.43941461540035665 0.4935243811614437 0.10945473019363938 
rectangle 63 11 226 0.18247345522305147 0.11568771711299519 0.825160209204935 0.964809374726102 
ring 84 174 72 0.549312421845905 0.33986984768959316 0.2929036843469597 0.9988323319012482 
circle 223 171 217 0.26052673543534166 0.04983995094195748 0.7963311889382896 
circle 15 30 225 0.4583099405379363 0.39105461645096695 0.5193618249708863 
rectangle 170 72 5 0.19078972770152458 0.3887320996434662 0.1218407477801039 0.10347119085485001 
ring 39 229 99 0.586685309152201 0.07314982395832603 0.9559877944400779 0.33895587451395404 
rectangle 231 79 40 0.2880940037523596 0.5991607566260864 0.6624268494887071 0.6016961489472705 
circle 75 147 161 0.8369290665717432 0.3470165658037814 0.13516958466282714 
square 101 149 118 0.7516274498149814 0.31224812181025774 0.9269084993546132 
rectangle 30 96 48 0.5588806124115699 0.1415868102592135 0.7956950944269424 0.606853491126547 
circle 219 235 11 0.7562170141375493 0.043330131599332855 0.13885489528790984 
ring 206 166 195 0.551165274994681 0.4020677027167844 0.6001068306223155 0.2475498481070849 
rectangle 229 161 205 0.2878773217435854 0.9008739125502746 0.47244809524581244 0.38334238266469844 
square 127 125 141 0.8321662502526349 0.07034208246903217 0.2918916909188203 
square 22 215 111 0.776277269045413 0.8498328903592456 0.2645626056349527 
circle 41 80 131 0.11374774392478104 0.005603760977794581 0.7001398258078022 
rectangle 161 90 63 0.586547937214156 0.6046175291837238 0.7500246002380575 0.711437340062653 
circle 31 200 46 0.5824990670135444 0.11673169252335402 0.6975491542559041 
circle 177 11 10 0.6607940766670963 0.7094104647921422 0.3660392966482656 
ring 93 145 141 0.37367629761441146 0.16684162161257465 0.1466543812024832 0.1924547115972639 
square 237 138 46 0.2925943729135032 0.4384247694853832 0.1789999528999957 
circle 10 239 41 0.7686768193700598 0.9536331550466929 0.9787706189987868 
rectangle 55 31 140 0.5222654165177522 0.14206930634500126 0.22881298378030168 0.15704338430749343 
square 95 107 59 0.07464223283699334 0.7729049881653094 0.6309040231387707 
rectangle 206 13 177 0.20808606597539958 0.3733834931525307 0.45081533022428155 0.5557358930508463 
circle 251 206 50 0.6108937649970401 0.33591365607958723 0.7938579967475733 
circle 70 76 239 0.30944946363363013 0.4977124546425261 0.5688566153068408 
rectangle 154 128 142 0.6144877499150397 0.7315362337992747 0.6831376745985236 0.08025034437679568 
rectangle 96 146 43 0.9898411088118794 0.5687348007105476 0.829745241316961 0.35182831774031786 
circle 65 192 29 0.5848919319228625 0.3631981442394492 0.4581522380236811 
circle 50 184 203 0.9347508209359529 0.2630911839636365 0.03072515162777667 
ring 28 105 54 0.6482223115315275 0.699484728771331 0.8521619896507532 0.8631463958312724 
circle 181 213 149 0.9517312865746977 0.9571843126696279 0.24743384973037041 
circle 226 102 156 0.131524486198501 0.7756062378985848 0.43034798013185216 
circle 228 145 219 0.763266093837804 0.10139757634771973 0.6823749293042887 
circle 56 147 156 0.6229976693280653 0.48728128460913767 0.5421875489448216 
square 176 87 109 0.9924936104297484 0.39227639529847125 0.22765925159717781 
ring 121 78 38 0.48775306308712385 0.9135333777608424 0.19786045058193347 0.29944109333375246 
rectangle 90 184 242 0.9030667342368652 0.25465660994438266 0.6899297516123959 0.05934248405528442 
rectangle 182 113 173 0.47146320745139814 0.08602275384810432 0.5364210470359817 0.3246634580466966 
square 43 233 89 0.9310719617727371 0.8149699011709692 0.5300878018819758 
circle 83 237 136 0.3691181129048683 0.44174602049906353 0.30857839866294123 
circle 168 190 208 0.15172572746985802 0.42829701821867494 0.8636124622325041 
circle 50 150 174 0.369097300165386 0.7502318658353699 0.9986664202197427 
square 186 118 141 0.28908298048467884 0.0519364303162092 0.8548800373859048 
ring 18 199 10 0.17261049508744108 0.670066926192702 0.7072227184510463 0.2738292716544223 
circle 192 8 105 0.5148426746885282 0.6192620480892943 0.8546557066127117 
rectangle 28 37 69 0.46547052614406204 0.36003664191981966 0.5058103288691763 0.4542285579411225 
square 180 212 149 0.7260611280847887 0.6282749582482173 0.5418100598093959 
rectangle 123 103 122 0.731506447908538 0.5440586621092502 0.7485886796141367 0.7839512886930499 
circle 55 121 87 0.09142437288914473 0.4506079851016187 0.5251004955832723 
circle 160 250 13 0.5720945671728905 0.6405384891852819 0.6620554680213386 
rectangle 48 102 220 0.34536853001348045 0.11927563970645083 0.5855289112704283 0.7371677078695573 
square 147 52 64 0.3663930369736953 0.14232557364393816 0.5760649581205778 
circle 100 174 63 0.6856370058439707 0.5408642732081301 0.9258851314778915 
circle 223 217 150 0.14843308401281252 0.594639370874246 0.5386209795089312 
square 79 181 239 0.869101733994536 0.3845123767330815 0.8054173303828513 
ring 131 101 133 0.25069053891789495 0.5235448262877632 0.6913070991469558 0.39302580673145904 
rectangle 126 187 2 0.1598116155350019 0.9607946356546374 0.8285398556937378 0.7841609880070526 
square 79 28 48 0.8573982189046571 0.7671905455593062 0.7630201591656415 
circle 51 252 176 0.8583951997028842 0.3498447524334689 0.25773072690671106 
square 162 112 162 0.1253871408543381 0.5546817804750658 0.05372163211233949 
rectangle 95 114 209 0.263952251671954 0.6172635417623229 0.24628816725861935 0.2862009260714342 
ring 225 183 151 0.19685153443215053 0.6143780749201421 0.6094302218674535 0.15489719211394615 
ring 6 65 132 0.6844452507141806 0.5713754925355657 0.5483926797739109 0.7349407583250782 
square 97 230 133 0.09820291293517525 0.66474533528723 0.7059270774505634 
ring 175 199 147 0.48001257790316076 0.0879136852992548 0.915837845295155 0.8732140104009612 
ring 22 198 150 0.4292769184002305 0.34374106339799027 0.4668599240992609 0.5600760219256167 
circle 167 4 85 0.7385612143454079 0.6546849315036746 0.0013859792034852658 
ring 181 130 180 0.9330426130363452 0.03252941639264051 0.5540563090822483 0.2725257130455627 
ring 166 89 43 0.9250681815667288 0.2402067452008202 0.06799200972126906 0.45126947128253936 
ring 2 27 137 0.5667579228170183 0.9643677231781784 0.3943349726182068 0.6176881327964349 
circle 83 29 123 0.9104206114828234 0.8811524657807329 0.6084507200240793 
rectangle 206 87 67 0.09570678584285308 0.7278483436429587 0.236160726778592 0.45118796018676155 
rectangle 70 73 194 0.4364558447306469 0.7321168350309749 0.4674343329487489 0.7430412001428236 
ring 4 85 99 0.24290363878197319 0.3527900825606176 0.8702484956267462 0.18783001780295883 
ring 233 29 158 0.8820265509288154 0.7730273959709342 0.9502495849059555 0.08844549477846486 
square 253 0 77 0.981223798873383 0.15885034016923583 0.10133374165434084 
rectangle 81 77 166 0.9807716432183297 0.8347335394010096 0.14268197585279352 0.6382645984627556 
square 77 145 148 0.383066354704827 0.6915964145380958 0.09979176345797425 
square 34 127 254 0.4642513848801697 0.7043288818878497 0.4055245015643989 
circle 75 229 144 0.8445914228520325 0.9042880718772428 0.8764530509690386 
square 74 190 8 0.7754800925449603 0.20743753089711603 0.21524391874108828 
circle 44 167 201 0.46658581677281696 0.8415118022842929 0.17398988735166487 
circle 37 247 8 0.16643225375241122 0.18888368226208063 0.6814928388697027 
circle 128 183 22 0.45794524009150905 0.3030912462393245 0.8245957364914867 
square 63 106 10 0.3327925611075383 0.19348461388854254 0.5080498845821598 
ring 223 243 33 0.6225135012897324 0.2036318539321702 0.9318792764118617 0.403922416311295 
circle 116 77 131 0.28866030278156574 0.9571070800685759 0.8670817371855111 
rectangle 232 200 167 0.8531830207808161 0.6536153923561997 0.29249200349962845 0.7928791041463011 
ring 70 248 226 0.42353787607759097 0.9660953872260157 0.2821883461213669 0.16704782319478784 
circle 242 129 152 0.41789319564609584 0.8803174105195728 0.8331658934478446 
ring 195 228 8 0.2514806597449435 0.03385892648523092 0.08892815870559445 0.3742991149770759 
circle 179 49 64 0.47855641890253886 0.8887636641584001 0.09721569809019404 
circle 100 93 53 0.7820360889274859 0.13843220338409434 0.27949174512651265 
circle 241 126 214 0.14175196476472662 0.27165970586646027 0.9092588326713946 
ring 8 0 99 0.1867591954348249 0.7905463016079336 0.09758855948728251 0.2717939643450088 
rectangle 71 20 115 0.2802692164052186 0.9171207771863606 0.4660516714993208 0.19390633354839415 
square 183 161 156 0.549266979648733 0.5255515085473518 0.5720218184292175 
ring 3 252 215 0.2168918384769546 0.07445742573148084 0.5288246267234524 0.33222617781858255 
rectangle 182 171 228 0.7235319375344849 0.40923264059191533 0.38626608698664566 0.504552217032779 
square 183 212 230 0.3954656693069849 0.7474024955515836 0.6775153121426146 
rectangle 211 113 35 0.818186939431664 0.21092850446696232 0.09527670361880736 0.7425037276959531 
circle 203 251 55 0.09293110406350902 0.7625030207615425 0.14922841777022822 
rectangle 219 135 75 0.9467281162330071 0.2896248384815945 0.33009396732434626 0.1120227939203724 
circle 3 192 214 0.7106239063220218 0.22600792740896303 0.8601582213373888 
circle 131 175 20 0.5990766559214186 0.4736838801891706 0.6230415598493516 
circle 22 167 4 0.25575225055034434 0.6177895196553213 0.05047108498642727 
circle 166 211 169 0.8690845799708422 0.8476763870568107 0.48948681224333657 
square 67 228 208 0.4769430821689299 0.22643707121330914 0.044468984580997906 
ring 188 138 85 0.5650776534219814 0.12078875412897372 0.34735422093859947 0.1544925865865946 
square 141 229 38 0.920449311265533 0.5784798909404826 0.26543799109375277 
ring 217 159 44 0.734677258883346 0.09770440432217908 0.2577862851872321 0.32965912273538334 
ring 215 214 208 0.02960752769554975 0.16235657211502286 0.22347030893302156 0.145300196200554 
square 225 42 239 0.5374691108217142 0.41216586962702495 0.8626367059435397 
square 0 16 1 0.7548624672390521 0.8090366862369013 0.6135961834778203 
square 153 192 36 0.5217107151904654 0.11341822627645204 0.2852429232754409 
square 202 142 31 0.1611513872069411 0.91056310005943 0.9937579506352756 
circle 10 45 127 0.7881708594593165 0.24283545684537822 0.22983063652523938 
square 213 172 44 0.8929898802710126 0.44507719424995773 0.8415303179851977 
square 70 97 197 0.5285597174690867 0.11451747804799395 0.14064010005279892 
rectangle 162 34 51 0.2879177876719482 0.8560635085221239 0.18141790256849555 0.5812559691966335 
circle 189 66 128 0.3466735557228803 0.6074381081301651 0.2276200881410413 
circle 32 28 5 0.4609524424452671 0.2732795216967858 0.9650436355245691 
square 222 129 52 0.6140619806957763 0.7482003474077381 0.32548594186073565 
rectangle 239 145 226 0.6516813058825244 0.03551231192749482 0.32208386375622877 0.9678988022129622 
square 63 168 231 3.1059684813927735E-4 0.8762387509278358 0.285119929711801 
ring 124 76 233 0.38703114066098177 0.8099748605900534 0.11348957332488341 0.5140644693518216 
circle 101 98 95 0.6490279538275855 0.3482021712133456 0.5749908798791873 
square 112 111 194 0.4543546823441956 0.15088891938269933 0.36778642339716683 
rectangle 244 63 125 0.4697301235158332 0.5538425507649084 0.704226535686503 0.8778579596313375 
circle 247 253 240 0.6942960243663836 0.7257474897582212 0.3048443031307849 
square 148 16 239 0.8655285455217928 0.8623969820248302 0.8791317181557761 
circle 151 40 248 0.18526045136898805 0.41655367039707814 0.0018970452033291174 
ring 142 127 217 0.38426264353924244 0.15869610784772104 0.004841619580602363 0.5094222655859032 
ring 28 209 207 0.1046578075457758 0.9133651229758568 0.2500465787390834 0.224220657765541 
square 14 209 120 0.4734170440693136 0.16944015892152475 0.4526497918567829 
ring 178 213 152 0.28594325436615986 0.3697056255794029 0.9151761002675544 0.5719351189718948 
circle 67 123 110 0.49437394446876204 0.8738863745754856 0.47874058659638086 
ring 169 77 69 0.6095953467118775 0.13015107087481037 0.5950600412517751 0.042273575619081294 
square 190 247 14 0.15712292179007126 0.3272993740862363 0.8802808287534913 
ring 39 100 95 0.28530688397318926 0.6361646549138044 0.23623430278150148 0.7527730426389475 
ring 116 165 130 0.5575798553165241 0.7571419477981238 0.9931684610314894 0.6401172824203877 
square 158 68 182 0.25976335019306707 0.8811729297049968 0.8057908302603541 
rectangle 211 53 143 0.27627798426952555 0.07839535142380316 0.068582443057003 0.039094721697243595 
circle 163 218 251 0.5371937794359691 0.2679504360462417 0.1699544582148842 
rectangle 114 251 232 0.9911335872354343 0.07293622562837587 0.3877372159633281 0.6361012254389368 
square 71 20 145 0.5452028365204218 0.620603411476789 0.9317002150162998 
circle 185 157 254 0.43130780354273823 0.8549003563742466 0.12074286197737061 
square 2 165 203 0.5461678915819977 0.05615349525890545 0.05287405054050798 
square 253 180 222 0.4115790635332939 0.3582185859059621 0.8046235737957128 
ring 66 250 21 0.08924465966111961 0.7219506459246208 0.9298899261337411 0.43668169347921526 
circle 5 200 65 0.10319536174672161 0.1991012444167275 0.9729998804520267 
ring 152 207 169 0.5589362714673352 0.5071654186393104 0.16565124332542802 0.3300447688255005 
ring 85 29 177 0.6360748309483818 0.22372178610516835 0.45288626437618396 0.8114041585671524 
square 202 83 78 0.5102168358078012 0.8484426183920603 0.38791574998051226 
rectangle 149 111 80 0.6997869097147976 0.2738004690149879 0.19157854778618888 0.01778375092561224 
square 160 69 24 0.19025082643289204 0.938753433305243 0.23733531949475029 
circle 163 33 34 0.21759667609929 0.2710051862882483 0.38226099355522336 
rectangle 203 153 225 0.67498809330417 0.2447072629516912 0.31909868050972734 0.6418614591914056 
square 116 204 26 0.4752868057301347 0.723358446570439 0.01050367696645127 
circle 115 89 0 0.555525810446672 0.8251922663326297 0.9407846506409262 
rectangle 94 25 135 0.8792577676310388 0.4044771487006513 0.31110544821290886 0.9570241919623698 
rectangle 0 108 238 0.1862781499272682 0.402882804438247 0.7944672626802021 0.06640517606853713 
circle 144 66 150 0.42771834630860794 0.16621971545401426 0.8156019523481667 
ring 224 1 31 0.5991638293174125 0.9281696644788304 0.7555574478738943 0.07935108075269914 
ring 14 118 157 0.6300735181208335 0.49990325568383054 0.8858198075247132 0.6535820441345659 
rectangle 24 103 185 0.308986324665684 0.3366597404751064 0.7599425596310906 0.900377246482539 
ring 128 7 216 0.4892709295573151 0.726863938276509 0.1398876616869006 0.8476859633948206 
rectangle 43 78 135 0.038286357002607074 0.19412533128610343 0.10228434228810002 0.8107116979705089 
square 172 96 202 0.8421376695585041 0.3218594818811066 0.4458351571736192 
square 188 119 159 0.7394170053257947 0.2960463953017407 0.9592847874670961 
rectangle 124 204 132 0.09327882612823135 0.9188752869082346 0.5513177561882322 0.47716714363930524 
ring 234 80 83 0.6415115606599605 0.07748797031370547 0.19841482044823688 0.467137937476352 
ring 136 134 88 0.992893923206196 0.9640401379894786 0.34911586805982986 0.7162045246913564 
circle 107 254 59 0.9158766035032498 0.31092268560023484 0.9862064590728832 
rectangle 80 159 99 0.012845299396388898 0.3177776913916196 0.906617344339308 0.5830886967097897 
square 105 12 168 0.35019521026599476 0.15057583452200318 0.8099758104249416 
square 237 16 47 0.5782481236097876 0.3222066128650025 0.1475719676016748 
square 111 90 16 0.36853674596048025 0.45049383774506324 0.14107053388572288 
circle 69 117 154 0.2794770598556646 0.5021411631526853 0.4851806695914298 
rectangle 194 220 139 0.42725157648339185 0.2294899069322529 0.894411533441946 0.8584422774673377 
rectangle 249 39 180 0.99958103563956 0.15511042541473596 0.726031690239926 0.5847036711049723 
circle 11 217 203 0.5755697423534947 0.017464321071377076 0.5830052644473083 
square 251 26 185 0.31220952718850103 0.7915713009212766 0.8276569127180106 
square 206 165 170 0.9580825401761571 0.7233491927711023 0.6272438896435608 
circle 4 23 78 0.3953191421833353 0.17340705365719145 0.7916159029371443 
square 131 119 93 0.3805997577128255 0.17037532031691027 0.4041190863447385 
ring 95 189 219 0.5577613150956675 0.9391845920731829 0.6458351787318454 0.3878039608298497 
square 149 245 22 0.4211804595110321 0.32252870218215657 0.17718884102627952 
rectangle 182 145 108 0.23089215281764375 0.4061584069424087 0.7329266177114274 0.11161718232813678 
ring 167 109 121 0.09030417736042573 0.22235677168351276 0.47108847857508307 0.5045138089777891 
circle 165 116 62 0.2512560815622036 0.8968414168672925 0.7666372673449227 
ring 177 50 122 0.9438059807331906 0.6116247286808008 0.9929697515230443 0.857217257853391 
ring 63 175 151 0.8166569376808541 0.2794610021860421 0.10279252959672869 0.7017649775456034 
rectangle 162 119 118 0.6361084488765437 0.7527834262732876 0.41310011166216365 0.17600684945072498 
rectangle 236 170 161 0.7539786516840198 0.014115124231431908 0.031005858998211733 0.15200824962996384 
rectangle 38 89 106 0.3592098546220234 0.09496226125814922 0.17288448015092805 0.6384895863996307 
ring 49 207 114 0.4694777161691477 0.6460123200128762 0.5645223210748589 0.51890405366912 
ring 112 112 177 0.5365947267996416 0.9878437481007168 0.8738041552739796 0.21857190880258937 
square 182 39 235 0.2817031592332011 0.7692721552053672 0.462857125059409 
rectangle 3 192 78 0.8065787035525612 0.5797630088469904 0.7153652237570738 0.5763638610599737 
ring 246 183 238 0.005636821998062147 0.7004689470076683 0.47827550461051516 0.5081915594200637 
ring 99 247 110 0.18467480398678038 0.37217429019868253 0.5193728185141935 0.650379728577817 
square 9 214 115 0.9100867748430566 0.9637255454070213 0.44309016127561573 
rectangle 1 119 231 0.2938490696494842 0.48888084262451126 0.4327697066773676 0.6981855106255217 
rectangle 12 207 214 0.23853912677471367 0.7757306161433755 0.533901395028302 0.9719007874754878 
ring 18 198 246 0.5270624026566026 0.4777548465436271 0.4411702159804881 0.5722753349946353 
ring 178 71 156 0.9025730519792028 0.2767500138617144 0.35153521993175085 0.25352771386550754 
square 92 236 174 0.7190806115749616 0.26644578401913555 0.5927821289155304 
square 133 8 213 0.48494980148559663 0.9452790220656033 0.8073829358407042 
square 240 32 22 0.036444302264726836 0.6362049227874378 0.13782748082554996 
square 94 193 194 0.8647359441661804 0.3611853298891441 0.6029197784356285 
square 137 242 69 0.9906012218230669 0.8427369976436682 0.8707055261011527 
ring 214 184 156 0.290983420532962 0.6347229076707137 0.6461997740470096 0.5445044530359757 
ring 110 169 4 0.5366166122502439 0.7285561872279932 0.3863970588668294 0.16015085136163876 
rectangle 136 73 161 0.4771360863656374 0.05590562624153084 0.21895119703509147 0.7755616547067227 
rectangle 235 176 7 0.05072354088960651 0.1106863215562861 0.9646543579045843 0.9746430692378923 
circle 37 95 54 0.060868733774544825 0.21475420704388348 0.2150037535910898 
rectangle 221 111 104 0.6410332243358324 0.07018750441386257 0.5842027027572053 0.31969524032775287 
rectangle 79 164 79 0.34717031684248323 0.1391408662614546 0.025364065884976306 0.2551747540232886 
ring 10 188 95 0.10734633207860333 0.14757743101579257 0.32379089104721226 0.5049273660195762 
circle 214 38 191 0.45947549650325636 0.8758527723571861 0.8749871018296657 
circle 57 93 159 0.34617652698922086 0.21138253654395112 0.4156400998404177 
rectangle 56 188 74 0.23158604560949103 0.3652950792575923 0.7829158647992913 0.39581728428368523 
circle 245 226 116 0.12078415442654034 0.8635528081626443 0.951745898818199 
ring 15 67 99 0.8605219142485572 0.015747043114126003 0.4956077666773806 0.3871159226759715 
ring 149 55 145 0.2702757095700655 0.4303924571310106 0.9570573064958833 0.4051486383579377 
square 53 174 172 0.8965455688621129 0.10301834847981961 0.4832146790288858 
circle 120 163 98 0.6000809462934634 0.5611576337757167 0.4137007298776664 
circle 128 176 249 0.1711584115878706 0.34806503369880115 0.9563535403816706 
circle 223 23 110 0.7872591042694884 0.766856685241215 0.4481360932826022 
square 60 223 48 0.7985778672130422 0.4807603701284582 0.5945256200164153 
rectangle 248 184 170 0.7243835135901462 0.34136050808411555 0.2516407888653963 0.9055978052133569 
ring 194 133 126 0.3849909993755325 0.4244318727942835 0.46355631003299047 0.8522663182394168 
square 6 109 209 0.7871234678449659 0.6216976578265572 0.07968665555122367 
circle 85 133 117 0.815616787956919 0.2679417839680478 0.4379733311242032 
rectangle 185 103 52 0.654878684294138 0.13256300816356048 0.1932193727377497 0.7749731769783437 
rectangle 248 38 78 0.6017108324977879 0.4532850340251471 0.11787410938419918 0.1804045754646767 
circle 137 108 173 0.7316884461238513 0.7358416865946926 0.33752760984721464 
circle 105 146 49 0.29909540581084404 0.41593771057609386 0.878491088699096 
circle 59 8 116 0.8825373430116564 0.5386807623320101 0.7631102166822815 
circle 146 77 56 0.5690231475151085 0.5018143562088275 0.5094110458696358 
ring 252 85 53 0.6243198084620667 0.48341628747100707 0.2698160919499881 0.1767724746175996 
circle 209 70 186 0.4673950209305259 0.43349747182749054 0.9064968260732799 
square 53 58 83 0.22902153145918602 0.29731203543811646 0.02618559514043739 
circle 146 217 59 0.15854430600421 0.07922463065189855 0.8337029099295311 
rectangle 94 47 128 0.1932025207985637 0.6601872927559411 0.38028620786592526 0.6303029201498318 
circle 107 153 70 0.7158180768803438 0.5526102744396667 0.6911962786581985 
rectangle 123 137 137 0.8915055190797517 0.17308215031147023 0.16567295338115673 0.8793399760868411 
ring 176 6 114 0.8992945461157754 0.5025368532480483 0.21861520955924252 0.5238805834961912 
ring 67 168 155 0.29248250563252187 0.6780127730189455 0.5582500368759713 0.35014950652871946 
square 53 20 194 0.2985412241943989 0.9346314944369244 0.394390368844698 
square 216 2 229 0.11195955125413681 0.06252008891023975 0.9746998326434999 
ring 242 187 97 0.5264865541858296 0.11053662256576124 0.04855841432855834 0.39848329069662314 
ring 181 12 234 0.6924082103891535 0.5641509194425466 0.27552495157043155 0.30256558976711256 
ring 170 161 213 0.9598166788251639 0.7099987067824379 0.98793660477657 0.6163586658540022 
ring 196 75 240 0.5266808089163287 0.12925175997194682 0.4949807306854036 0.6529547940236218 
ring 227 163 239 0.022110133710107838 0.14488009547553715 0.6280132379452805 0.6169205882413461 
rectangle 207 49 34 0.8741968825564801 0.7083212357106954 0.4424000484050682 0.5062004975852078 
square 74 216 66 0.12395537662171496 0.35491710925607256 0.15445708277004588 
rectangle 179 52 105 0.8816756378362679 0.11226367152735672 0.42845146224992126 0.6993429251886747 
square 124 86 217 0.054442600901008054 0.8907417082294187 0.8158797195139174 
circle 4 26 241 0.6676303421071437 0.7346518427869986 0.7506110734172844 
circle 9 18 216 0.2488851524256026 0.9868636062744444 0.9666711359705193 
rectangle 61 244 197 0.674940783626237 0.03416935438850621 0.791677752435178 0.48339993752961674 
circle 246 116 189 0.6496790619323368 0.9092187027032768 0.7680170270138613 
circle 113 55 98 0.47301090010405533 0.12647984536699652 0.058457211063696835 
square 225 83 230 0.34292499017732414 0.27676042568702286 0.17887701592629313 
rectangle 99 128 52 0.08280207173513265 0.512771053107225 0.6202724009297126 0.5874738249494662 
ring 112 130 82 0.6697146358306367 0.5156894257992906 0.9415028191875776 0.25545636937974336 
rectangle 208 24 241 0.3172014281670652 0.34758714246916667 0.018673425364216567 0.203960047774412 
circle 15 70 62 0.49886354969015045 0.32999302518682905 0.8689225198505204 
circle 254 11 219 0.5735951526620855 0.3645666971839203 0.18853015007796303 
rectangle 28 219 31 0.4904001963501229 0.8857930171412501 0.5057873621847475 0.8355184600394587 
ring 78 213 6 0.006020996619614416 0.5085627619105343 0.8355522825829691 0.011948302750893092 
rectangle 136 15 101 0.8010048899736986 0.17501297819584893 0.46045402554977966 0.7813650115095757 
ring 140 57 233 0.21476874716479244 0.2508986713036703 0.8880958594969619 0.41149754600648336 
ring 133 35 241 0.27843190991541256 0.6208258342658179 0.38156925229804295 0.06644640045766403 
rectangle 31 102 231 0.9840542690490776 0.02983135846368168 0.6074556382949253 0.20998719038142044 
rectangle 46 176 75 0.816818492941215 0.6402615597936374 0.27400376488159917 0.7954916521774563 
rectangle 24 244 95 0.20279392867225965 0.5822029531189381 0.3045721108075531 0.40593963054658044 
ring 144 193 230 0.6044366254152435 0.1894950037982086 0.3055257156909319 0.08368511588712046 
rectangle 11 206 213 0.03295589701290991 0.15402282666217304 0.9692960323059981 0.8386223920602592 
circle 163 38 12 0.4491201791826932 0.8393690708989684 0.38838422334279976 
circle 234 75 118 0.12457325318708534 0.5843661603574541 0.6711927534071656 
ring 229 185 101 0.028361288983157373 0.4516951171141178 0.05897307912245753 0.6754692644862991 
square 208 27 207 0.9819124476377373 0.08876134230368504 0.7147026054018039 
ring 135 197 247 0.21786351295340678 0.9107590168938509 0.47726847061783106 0.9611897227979362 
circle 150 161 177 0.4339321571943161 0.10448880054272314 0.27714656985429786 
circle 167 226 152 0.16710711683954227 0.3194683348592191 0.5684638880974994 
ring 120 73 160 0.5618515285465226 0.9115720199014576 0.10056147516540104 0.4776029252212298 
ring 121 225 189 0.24637391859091817 0.7011547618189374 0.9576391200901324 0.38214770510123686 
circle 39 167 244 0.4021692258011581 0.08698469876910131 0.48664159250219485 
circle 245 78 13 0.5411410899518322 0.34235897263966075 0.6346073934571681 
ring 253 38 152 0.7858593042647889 0.8896363179745499 0.3986659613015926 0.1557005264343767 
ring 188 123 195 0.23602107452334897 0.801204336467596 0.3346848242815583 0.9120518515073175 
circle 164 134 23 0.16596714986569094 0.23302459321846192 0.1822113836239997 
rectangle 48 2 146 0.013038715824592595 0.7843543609412235 0.710630855683046 0.048232016146339096 
square 81 247 241 0.7579075651574132 0.4251688130385528 0.13286019222888878 
ring 187 90 252 0.48812352280654625 0.46827132600896404 0.429559512377239 0.16538732107235798 
ring 231 143 12 0.7054452368798244 0.773737550081488 0.26604199014602437 0.6087843056530287 
ring 26 17 162 0.7200905561934295 0.9253434475787602 0.3870403815174053 0.3269860069711471 
rectangle 227 232 200 0.9246056227647973 0.8403942045031886 0.17046308897836016 0.5097126430329011 
rectangle 98 52 207 0.8946848933455087 0.5890148921327321 0.4962600467636732 0.37893783806512327 
rectangle 179 22 9 0.36150347763596435 0.15362645689911747 0.6348808623403741 0.8303990250287863 
circle 240 245 107 0.4886361247981902 0.631107453878686 0.3618165354512519 
circle 144 63 112 0.5774908197594277 0.29986680436757607 0.7770057704615888 
ring 34 138 39 0.596617117965717 0.5929873135213882 0.8312624309236273 0.4323271395490629 
ring 241 201 73 0.5626135281090603 0.31581087017676557 0.22293205611297462 0.43103385087164303 
rectangle 101 33 154 0.7050382117528725 0.6099536207558508 0.191864413532717 0.7996923148501254 
square 105 167 61 0.6767969171269155 0.391992019619381 0.9154508640818071 
ring 27 194 96 0.36526423092488003 0.066249680734623 0.8942772652845222 0.4434559413933721 
square 141 169 142 0.7394811350077163 0.7937323002162594 0.7324453794688023 
square 86 217 30 0.8476577819374765 0.30146298375637903 0.6437791675330998 
circle 241 116 93 0.2797722053480568 0.012251765074494991 0.18400685074123324 
rectangle 42 5 174 0.45723370562680155 0.717877220541906 0.880598817941481 0.005844652742604151 
square 142 251 128 0.19458019044053432 0.45984361329388745 0.3518849489188307 
ring 187 9 42 0.533557653242581 0.1734225356128274 0.472909523536833 0.8344833348688294 
circle 253 50 83 0.3907116734933881 0.016991880515167312 0.8016493465940582 
square 35 1 114 0.35849215203894635 0.5301627755342037 0.9452353944970561 